0.0000
0.0000
0.0000
0.0000
0.0000
0.0000
0.0000
0.0000
0.0000
0.0000
0.0000
0.0000
0.0000
0.0000
0.0000
0.0000
0.0000
0.0000
0.0000
0.0000
0.0000
0.0000
0.0000
0.0000
0.0000
0.0000
0.0000
0.0000
0.0000
0.0000
0.0000
0.0000
0.0000
0.0000
0.0000
0.0000
0.0000
0.0000
0.0000
0.0000
0.0000
0.0000
0.0000
0.0000
0.0000
0.0000
0.0000
0.0000
0.0000
0.0000
0.0000
0.0000
0.0000
0.0000
0.0000
0.0000
0.0000
0.0000
0.0000
0.0000
0.0000
0.0000
0.0000
0.0000
0.0000
0.0000
0.0000
0.0000
0.0000
0.0000
0.0000
0.0000
0.0000
0.0000
0.0000
0.0000
0.0000
0.0000
0.0000
0.0000
0.0000
0.0000
0.0000
0.0000
0.0000
0.0000
0.0000
0.0000
0.0000
0.0000
0.0000
0.0000
0.0000
0.0000
0.0000
0.0000
0.0000
0.0000
0.0000
0.0000
0.026125
0.030628
-0.006312
-0.020263
-0.049562
-0.035881
-0.038804
0.008291
0.026039
0.044645
0.060772
0.042806
-0.012611
-0.043115
-0.048268
-0.041943
-0.003728
0.035198
0.064329
0.084668
0.042877
0.008480
-0.036481
-0.078285
-0.097753
-0.042678
-0.010825
0.021989
0.054961
0.089046
0.095375
0.037948
-0.014031
-0.037109
-0.062973
-0.042167
-0.022518
0.032390
0.055951
0.066658
0.043995
0.015905
-0.017068
-0.050452
-0.059689
-0.062220
-0.051651
-0.002659
0.032585
0.074748
0.082434
0.076968
0.055093
-0.001620
-0.013263
0.003273
0.025358
0.047369
0.075754
0.108080
0.102390
0.076599
0.046262
0.012703
-0.004538
-0.018667
-0.012778
0.003256
0.015345
0.022950
0.021964
0.044786
0.057839
0.059021
0.046869
0.043612
0.027578
0.008173
-0.008189
-0.007765
-0.044729
-0.054037
-0.040094
-0.043931
-0.013449
-0.011660
0.014488
0.016807
0.001069
-0.017087
-0.029335
-0.030213
-0.014824
-0.025535
0.001108
0.003226
-0.030180
-0.048100
-0.081097
-0.106790
-0.118690
-0.115190
-0.104240
-0.086467
-0.042274
-0.017641
-0.002994
0.011280
0.025325
0.021843
0.016695
0.035958
0.008436
0.003765
-0.013171
-0.029215
-0.017314
-0.022748
-0.017702
-0.002241
0.003957
-0.012819
-0.019959
-0.014056
-0.019415
-0.007724
0.004028
0.010961
0.017024
0.013604
-0.013028
-0.010432
-0.015560
0.008765
0.008382
0.003542
0.025215
0.011163
0.016337
0.013357
0.024858
0.024798
0.074087
0.083308
0.052603
0.017295
-0.008094
-0.032817
-0.077598
-0.087163
-0.064760
-0.053578
-0.022447
0.002842
0.020347
0.009146
0.012923
0.008542
0.010137
-0.013590
0.010388
-0.006866
-0.002902
-0.027058
-0.044086
-0.033161
-0.016820
-0.010064
-0.003463
0.020870
0.015839
0.021953
0.008494
0.004234
0.000455
-0.005641
-0.000219
0.023988
0.035425
0.040322
0.028889
0.028010
0.023548
0.007722
0.018389
-0.006031
-0.017683
-0.055473
-0.047968
-0.063748
-0.047647
-0.029607
-0.000611
0.032894
0.049646
0.062100
0.065123
0.062521
-0.007414
-0.013385
0.076846
0.073277
0.057900
0.023312
-0.014971
-0.055167
-0.096395
-0.130760
-0.124530
-0.110880
-0.105370
-0.091913
-0.062632
-0.024881
-0.021481
-0.026996
-0.031468
-0.045982
-0.051508
-0.082629
-0.077460
-0.047317
0.003231
0.031601
0.066340
0.093606
0.119400
0.113590
0.091509
0.082268
0.063450
0.030233
0.024408
0.028067
0.024520
0.023991
-0.027201
-0.038590
-0.045707
-0.029541
-0.018781
0.007469
0.021251
0.046838
0.052679
0.052136
0.036696
0.013579
-0.013060
-0.021447
0.016756
0.025343
0.031114
0.031638
0.001216
-0.020306
-0.019428
-0.028509
-0.020428
0.010253
0.004830
0.026096
-0.027502
-0.081479
-0.119960
-0.148090
-0.151660
-0.143960
-0.127930
-0.128420
-0.177760
-0.195320
-0.206550
-0.193010
-0.175760
-0.161420
-0.112490
-0.062634
-0.034966
-0.000762
0.055201
0.082726
0.133860
0.181870
0.198850
0.226710
0.243230
0.242040
0.223560
0.192000
0.185490
0.176110
0.146840
0.125720
0.088518
0.067540
0.029475
0.008999
0.021713
0.032937
0.057304
0.075241
0.080358
0.049418
0.018622
-0.013251
-0.059065
-0.066106
-0.006439
0.001399
0.014573
0.000221
-0.017127
-0.054906
-0.113680
-0.160080
-0.171530
-0.131710
-0.070869
-0.016313
0.011993
0.030923
-0.023164
-0.071219
-0.093165
-0.132810
-0.144520
-0.097245
-0.081220
-0.038110
-0.021612
-0.000261
-0.021788
-0.040882
-0.049677
-0.037007
0.001277
0.031578
0.043703
0.024323
-0.019103
-0.028410
-0.010439
-0.008462
-0.025040
-0.047956
-0.075823
-0.089974
-0.113380
-0.132460
-0.152040
-0.152600
-0.172770
-0.152850
-0.163120
-0.132350
-0.094313
-0.065196
-0.021886
-0.007823
0.007676
0.002803
-0.040023
-0.056464
-0.061214
-0.089330
-0.088242
-0.108520
-0.119200
-0.134930
-0.137390
-0.151860
-0.131520
-0.123390
-0.090610
-0.059499
-0.006247
0.044656
0.086382
0.130200
0.162680
0.183410
0.233660
0.209320
0.181810
0.157330
0.145010
0.114250
0.104900
0.100480
0.109980
0.127520
0.148020
0.139350
0.095655
0.061525
0.030931
0.002602
0.045127
0.091631
0.160720
0.199160
0.205200
0.158540
0.123750
0.077641
-0.014490
-0.087601
-0.085914
-0.114660
-0.109540
-0.090927
-0.107360
-0.122420
-0.186640
-0.229570
-0.272360
-0.320350
-0.356380
-0.344450
-0.302340
-0.272030
-0.244170
-0.269870
-0.318490
-0.336550
-0.358510
-0.345800
-0.350400
-0.339110
-0.310440
-0.278920
-0.229990
-0.168810
-0.124240
-0.068226
0.017443
0.116310
0.212010
0.330180
0.443970
0.531650
0.610870
0.639020
0.646070
0.604830
0.552240
0.543810
0.539810
0.583350
0.635770
0.662560
0.737100
0.705990
0.699120
0.676350
0.664650
0.622370
0.582690
0.560320
0.564690
0.647860
0.678370
0.664220
0.643250
0.561660
0.425220
0.287260
0.116200
-0.045709
-0.191260
-0.310350
-0.384110
-0.304370
-0.218790
-0.297600
-0.347530
-0.310680
-0.240590
-0.204770
-0.238220
-0.275220
-0.274770
-0.262200
-0.263460
-0.293350
-0.337410
-0.357780
-0.385440
-0.423430
-0.455180
-0.509930
-0.518940
-0.517690
-0.462150
-0.310900
-0.174380
-0.038133
0.080251
0.134520
0.259670
0.325070
0.364150
0.331000
0.354500
0.357880
0.357050
0.323250
0.308900
0.259940
0.214530
0.198040
0.182730
0.144030
0.129540
0.144650
0.139500
0.082732
0.065195
-0.001948
-0.028516
-0.019572
-0.033855
-0.026049
-0.058642
-0.104360
-0.127500
-0.125590
-0.141670
-0.132510
-0.129600
-0.138400
-0.160840
-0.222590
-0.296860
-0.355840
-0.454520
-0.569710
-0.615680
-0.617480
-0.566680
-0.534840
-0.476480
-0.440320
-0.388810
-0.328520
-0.283640
-0.195350
-0.106690
-0.047197
0.046231
0.085314
0.089690
0.041424
-0.008837
-0.055191
-0.111850
-0.193380
-0.236280
-0.329700
-0.386550
-0.423700
-0.446510
-0.431970
-0.324650
-0.196170
-0.069559
0.108030
0.252390
0.369410
0.237510
0.356850
0.411860
0.355780
0.261480
0.164130
0.068045
-0.024851
-0.117970
-0.197700
-0.265550
-0.292990
-0.295910
-0.290450
-0.287380
-0.287430
-0.282710
-0.318510
-0.437850
-0.427510
-0.504010
-0.559580
-0.581430
-0.601240
-0.647750
-0.657810
-0.628060
-0.563200
-0.453680
-0.285030
-0.093979
0.179320
0.457810
0.768930
1.016200
0.964480
1.032300
1.185700
1.164400
1.112600
1.067700
1.036600
0.981720
0.938550
0.879670
0.814370
0.714880
0.545560
0.354160
0.045511
-0.200400
-0.205090
-0.017180
0.268910
0.517460
0.615230
0.661610
0.628580
0.536150
0.415950
0.317240
0.161340
0.048377
-0.067254
-0.166990
-0.269430
-0.345190
-0.399360
-0.429630
-0.472620
-0.535830
-0.430320
-0.464090
-0.564370
-0.576460
-0.470250
-0.268310
-0.100170
-0.034816
-0.041060
-0.122020
-0.188640
-0.256790
-0.356940
-0.420050
-0.457960
-0.476950
-0.518160
-0.519770
-0.543420
-0.557300
-0.569170
-0.586930
-0.570820
-0.528280
-0.434690
-0.318860
-0.245560
-0.151760
-0.073956
-0.041750
-0.007875
0.077525
0.191910
0.330240
0.481730
0.582430
0.665540
0.689750
0.685650
0.627370
0.604280
0.570290
0.505760
0.457990
0.376860
0.307770
0.262580
0.254800
0.244560
0.239960
0.240100
0.163100
0.100430
0.036895
0.001156
-0.070244
-0.112590
-0.107250
-0.116210
-0.084943
-0.052071
-0.032277
-0.013776
0.005147
0.037601
0.049728
0.026726
-0.011363
-0.037938
0.041064
0.125860
0.212080
0.245400
0.321600
0.376100
0.381610
0.337340
0.241830
0.181290
0.070974
-0.004836
-0.064503
-0.092696
-0.146170
-0.189490
-0.257020
-0.305800
-0.371770
-0.394760
-0.451550
-0.475030
-0.529850
-0.553220
-0.587290
-0.615120
-0.675430
-0.806200
-0.793100
-0.853840
-0.910600
-0.938070
-0.975770
-1.016200
-1.037600
-1.039500
-1.091700
-1.056900
-1.094900
-1.098300
-1.080200
-1.071900
-1.076500
-1.031300
-1.015700
-1.007200
-0.944040
-0.855920
-0.734170
-0.586640
-0.481540
-0.337910
-0.207400
-0.105410
0.035259
0.162750
0.271820
0.392810
0.526250
0.684500
0.829100
0.964110
1.098500
1.210000
1.287200
1.377600
1.451700
1.174500
1.213600
1.395700
1.489400
1.414900
1.266500
1.158400
1.107100
1.036400
0.964330
0.920280
0.900490
0.888550
0.879780
0.900850
0.894370
0.907880
0.863190
0.807620
0.771780
0.701460
0.644530
0.518250
0.451860
0.361880
0.258920
0.179050
0.059084
-0.035375
-0.165920
-0.273560
-0.386870
-0.408540
-0.469830
-0.669050
-0.911830
-1.064200
-1.051500
-0.845640
-0.643980
-0.556920
-0.517310
-0.555670
-0.552030
-0.517510
-0.529390
-0.542340
-0.558080
-0.600860
-0.652240
-0.689640
-0.726370
-0.756400
-0.775750
-0.710920
-0.471070
-0.192150
0.184730
0.391460
0.599410
0.854750
1.004300
0.955340
0.927730
0.807620
0.664170
0.497480
0.367150
0.323680
0.128410
-0.022297
-0.159090
-0.299740
-0.401600
-0.444310
-0.351900
-0.362770
-0.444920
-0.528090
-0.634380
-0.708660
-0.780480
-0.808140
-0.812030
-0.750460
-0.650300
-0.546870
-0.431100
-0.303350
-0.184530
-0.056475
0.075339
0.202700
0.377260
0.442550
0.528580
0.387970
0.500550
0.533570
0.525740
0.392200
0.276820
0.203480
0.153320
0.100080
0.013381
-0.020714
0.029117
-0.048053
-0.160450
-0.249600
-0.315240
-0.389820
-0.431130
-0.378010
-0.262840
-0.096172
0.132910
0.341110
0.562870
0.841320
0.903600
0.890090
0.920310
0.901840
0.925560
0.929630
0.934130
0.947140
0.951120
0.977670
0.957510
0.936510
0.971760
0.922340
0.830660
0.690600
0.466770
0.168900
-0.035080
-0.209600
-0.254220
-0.291250
-0.317110
-0.281790
-0.266460
-0.076121
-0.021796
-0.051532
-0.055990
0.019812
0.235350
0.518000
0.663730
0.813240
0.938650
1.000400
1.018000
0.994670
0.907900
0.701950
0.372630
0.036463
-0.212840
-0.388540
-0.455810
-0.473680
-0.445080
-0.408820
-0.429670
-0.444610
-0.507840
-0.533610
-0.441400
-0.610510
-0.800180
-0.977100
-1.150300
-1.205400
-1.074900
-0.967020
-0.870820
-0.790860
-0.667010
-0.488050
-0.344730
-0.199850
-0.034180
0.068487
0.173660
0.196190
0.199580
0.190230
0.159530
0.119330
0.080736
0.071572
0.033349
-0.003574
-0.050815
-0.160660
-0.246200
-0.351450
-0.458270
-0.497910
-0.539480
-0.544590
-0.582910
-0.601960
-0.628060
-0.664250
-0.653890
-0.652150
-0.635660
-0.555600
-0.492950
-0.402570
-0.297520
-0.201550
-0.114940
-0.035032
0.036322
0.113050
0.165980
0.217090
0.221100
0.227090
0.218930
0.198600
0.144480
0.074922
-0.017357
-0.140830
-0.303430
-0.448980
-0.584720
-0.615340
-0.563270
-0.493260
-0.356330
-0.238950
-0.130150
-0.044378
0.098245
0.220920
0.315990
0.420700
0.507930
0.565780
0.564050
0.489830
0.369360
0.511170
0.612520
0.649320
0.608510
0.572580
0.601660
0.600770
0.589010
0.503810
0.443850
0.375530
0.321090
0.179470
0.055303
-0.075650
-0.214740
-0.273190
-0.277700
-0.235520
-0.268400
-0.236330
-0.185290
-0.140440
-0.135700
-0.091742
-0.119270
-0.128650
-0.170280
-0.235940
-0.288650
-0.356540
-0.393860
-0.392850
-0.378750
-0.433040
-0.417880
-0.359640
-0.298420
-0.214920
-0.147990
-0.093473
-0.079113
-0.087447
-0.159090
-0.202060
-0.236060
-0.282850
-0.272360
-0.267450
-0.252690
-0.243350
-0.262570
-0.280190
-0.267630
-0.283280
-0.280330
-0.212840
-0.111160
-0.003033
0.107860
0.195820
0.264030
0.334400
0.350070
0.364580
0.355200
0.344180
0.300140
0.274910
0.239990
0.200830
0.171000
0.146580
0.123760
0.102350
0.119740
0.126390
0.117730
0.102610
0.101370
0.120470
0.116410
0.137780
0.182620
0.194460
0.218380
0.213920
0.180650
0.135850
0.075550
0.026964
-0.044525
-0.091534
-0.176890
-0.225590
-0.275970
-0.325600
-0.270360
-0.170070
-0.130220
-0.068541
0.019222
0.086390
0.165670
0.237630
0.327720
0.373150
0.386970
0.401360
0.450080
0.461980
0.460930
0.492920
0.451060
0.428080
0.406780
0.388240
0.336060
0.356140
0.360680
0.411490
0.461570
0.522910
0.546350
0.519140
0.454920
0.377550
0.269570
0.153020
0.061870
-0.017082
-0.117560
-0.178840
-0.257360
-0.332920
-0.393980
-0.274190
-0.329540
-0.399680
-0.421370
-0.429890
-0.461730
-0.529130
-0.577990
-0.589620
-0.555910
-0.499240
-0.480820
-0.413660
-0.326030
-0.200840
-0.130530
-0.019381
0.061589
0.113950
0.177200
0.188730
0.205510
0.212500
0.191330
0.132630
0.097084
0.043529
0.005338
0.018855
0.060629
0.074296
0.111820
0.107910
0.143840
0.171480
0.224370
0.274510
0.300270
0.313890
0.355230
0.395620
0.391380
0.387390
0.333290
0.292420
0.281120
0.300390
0.308030
0.318120
0.289890
0.294090
0.265010
0.228660
0.188370
0.108290
0.043066
-0.013860
-0.036391
-0.064146
-0.049401
-0.043710
-0.031180
-0.003620
-0.084778
-0.151790
-0.203040
-0.271180
-0.347670
-0.396440
-0.441660
-0.435540
-0.431480
-0.388520
-0.358040
-0.307680
-0.301610
-0.286210
-0.247900
-0.195480
-0.141510
-0.119700
-0.086653
-0.020308
0.042497
0.093840
0.186770
0.247180
0.281210
0.292260
0.253190
0.186370
0.139830
0.088303
0.076168
0.113150
0.099570
0.112380
0.109330
0.078724
0.081688
0.033582
0.032534
0.028012
0.047863
0.054582
0.057389
0.096339
0.107460
0.118660
0.127520
0.120870
0.089815
0.056197
-0.008895
-0.049558
-0.118100
-0.195800
-0.246500
-0.314820
-0.355220
-0.413490
-0.415220
-0.415760
-0.394830
-0.383670
-0.388340
-0.374800
-0.384340
-0.368890
-0.330030
-0.297810
-0.267710
-0.198580
-0.167380
-0.116210
-0.068323
-0.082570
-0.128120
-0.144170
-0.171370
-0.187430
-0.189930
-0.147270
-0.084909
-0.048125
0.021751
0.073024
0.090891
0.094969
0.138400
0.157990
0.189620
0.203340
0.185340
0.186710
0.156330
0.126470
0.077173
0.021956
-0.040534
-0.068133
-0.095002
-0.102900
-0.080729
-0.086565
-0.080163
-0.108570
-0.094430
-0.110810
-0.121140
-0.140680
-0.138240
-0.141930
-0.155570
-0.161060
-0.149280
-0.153600
-0.165570
-0.184120
-0.165140
-0.189780
-0.218400
-0.217880
-0.249450
-0.284130
-0.222850
-0.173240
-0.159850
-0.113240
-0.068630
-0.043461
-0.007074
0.034604
0.076414
0.101180
0.119830
0.179920
0.220860
0.192110
0.210090
0.224990
0.210740
0.156450
0.137790
0.090447
0.077722
0.086980
0.114830
0.131970
0.148960
0.202760
0.224100
0.239160
0.238220
0.232210
0.249070
0.248310
0.247970
0.236230
0.236850
0.223250
0.204150
0.184670
0.177530
0.153540
0.143120
0.117200
0.091318
0.067167
0.039571
-0.002572
-0.007690
-0.026191
-0.025467
-0.029639
0.008228
0.044103
0.054530
0.094561
0.100100
0.109050
0.127440
0.113780
0.140120
0.147190
0.136770
0.138740
0.126680
0.146370
0.148610
0.168780
0.189300
0.203810
0.211390
0.221360
0.221540
0.218220
0.203170
0.195680
0.172350
0.162950
0.131220
0.111560
0.153890
0.147710
0.124670
0.136340
0.124640
0.139490
0.140070
0.143820
0.144740
0.149480
0.133110
0.120130
0.104240
0.092259
0.048351
0.011961
-0.033856
-0.090154
-0.138020
-0.147000
-0.179170
-0.174520
-0.205980
-0.198240
-0.198060
-0.200740
-0.190980
-0.155040
-0.171600
-0.149000
-0.128930
-0.116210
-0.116330
-0.137260
-0.167700
-0.179760
-0.198590
-0.210950
-0.243470
-0.253580
-0.248990
-0.230510
-0.208640
-0.198440
-0.166070
-0.131160
-0.100520
-0.103930
-0.100120
-0.093481
-0.110890
-0.111030
-0.089798
-0.098566
-0.101170
-0.096088
-0.103170
-0.122240
-0.146550
-0.164930
-0.185050
-0.207070
-0.207060
-0.225920
-0.214460
-0.195000
-0.170680
-0.141590
-0.102330
-0.067906
-0.035252
-0.000887
0.039784
0.058381
0.083586
0.102400
0.095086
0.105050
0.097904
0.078998
0.051757
0.057553
0.044118
0.029583
0.012788
0.006578
-0.016568
-0.044360
-0.056778
-0.032091
0.000931
0.028189
0.026072
0.026520
0.019993
0.018365
0.017811
-0.009292
-0.021724
-0.061869
-0.080241
-0.077822
-0.069064
-0.064110
-0.052659
-0.060248
-0.049419
-0.050844
-0.050384
-0.048009
-0.050156
-0.040424
-0.019615
-0.025352
-0.004975
0.009486
0.025652
0.046568
0.035994
0.039083
0.023860
0.025783
0.030736
0.033243
0.018491
-0.003189
-0.019612
-0.032349
-0.042853
-0.038367
-0.056637
-0.058566
-0.059696
-0.061466
-0.072024
-0.055087
-0.063285
-0.047361
-0.049674
-0.041492
-0.028892
-0.034884
-0.016388
-0.009561
0.057290
0.108300
0.103620
0.100870
0.093565
0.092449
0.120070
0.148440
0.148700
0.150880
0.145980
0.159870
0.159460
0.156210
0.125170
0.109530
0.090693
0.083446
0.066000
0.036088
0.027220
0.013329
0.002608
-0.009829
-0.008493
0.024118
0.035149
0.050350
0.048482
0.061445
0.057891
0.039481
0.021497
0.004371
0.008976
0.018070
0.008643
0.005544
0.010290
0.033788
-0.000868
0.015541
0.025251
0.022298
0.028918
0.013272
0.015077
-0.000057
-0.002888
-0.015005
-0.042742
-0.041098
-0.053421
-0.061767
-0.060909
-0.054663
-0.065563
-0.057558
-0.065613
-0.064740
-0.061701
-0.055245
-0.052346
-0.043253
-0.049308
-0.035232
-0.026945
-0.019304
-0.006825
-0.011007
0.001270
-0.010884
-0.019056
-0.020354
-0.043966
-0.024487
-0.034862
-0.037404
-0.031881
-0.010010
-0.014481
0.013628
0.011382
0.002996
-0.012902
-0.012181
-0.011582
-0.033281
-0.051630
-0.058777
-0.073565
-0.063185
-0.083025
-0.082545
-0.080961
-0.064074
-0.058434
-0.035574
-0.047907
-0.033804
-0.031045
-0.030488
-0.018700
-0.022545
-0.009456
-0.013782
-0.004530
0.003096
0.011798
0.020292
0.030419
0.030994
0.054480
0.057355
0.053646
0.035871
0.031046
0.010795
-0.025467
-0.028218
-0.070493
-0.069529
-0.087406
-0.092707
-0.088104
-0.081536
-0.084882
-0.070769
-0.049869
-0.022844
-0.014442
0.011360
0.019466
0.039464
0.058280
0.072622
0.079485
0.093846
0.092943
0.119140
0.095131
0.088142
0.069606
0.070794
0.066781
0.048971
0.049908
0.048376
0.051367
0.047668
0.049628
0.057483
0.056943
0.053415
0.047975
0.057156
0.041274
0.036646
0.045101
0.044042
0.040301
0.040243
0.044281
0.025658
0.031094
0.043262
0.051507
0.036536
0.041425
0.034498
0.030046
0.022823
-0.005855
-0.032031
-0.047240
-0.064142
-0.091264
-0.114500
-0.117420
-0.130720
-0.135810
-0.122130
-0.118840
-0.114220
-0.092341
-0.073200
-0.036863
-0.021973
0.000778
0.028087
0.033557
0.055808
0.054472
0.054278
0.065494
0.055321
0.061753
0.069481
0.068623
0.067684
0.079845
0.077638
0.080038
0.086512
0.093404
0.077725
0.092779
0.074039
0.055642
0.042043
0.036519
0.012231
-0.014706
-0.014621
-0.033938
-0.044890
-0.061620
-0.049170
-0.064640
-0.066400
-0.087733
-0.079502
-0.089863
-0.091768
-0.091379
-0.088048
-0.100660
-0.101880
-0.076898
-0.061917
-0.059261
-0.072870
-0.054484
-0.058546
-0.054497
-0.055415
-0.038312
-0.044772
-0.045731
-0.058425
-0.059106
-0.063446
-0.076373
-0.071320
-0.069339
-0.063620
-0.090681
-0.086696
-0.070466
-0.071501
-0.064695
-0.071073
-0.049212
-0.040071
-0.054321
-0.035732
-0.013833
-0.019243
0.013630
0.023025
0.043637
0.069483
0.071299
0.106810
0.109410
0.103310
0.100040
0.124720
0.113300
0.112290
0.097360
0.090295
0.070467
0.055597
0.031431
0.017898
0.010722
-0.006651
-0.012012
-0.019478
-0.022304
-0.031590
-0.028958
-0.041907
-0.044130
-0.068073
-0.012064
-0.016137
0.007352
0.028742
0.039541
0.042349
0.032598
0.047931
0.045495
0.050472
0.024786
0.026797
0.018876
0.015559
0.007959
0.007042
0.008694
-0.003882
-0.005479
-0.035423
-0.051234
-0.075818
-0.080340
-0.092944
-0.097924
-0.130230
-0.126850
-0.125110
-0.131050
-0.125970
-0.125730
-0.108940
-0.079557
-0.079983
-0.054734
-0.025430
-0.018011
-0.019697
-0.009870
-0.008569
-0.007271
0.004535
0.012575
0.013643
0.015820
0.022863
0.016232
0.038934
0.031108
0.047143
0.051237
0.043846
0.038956
0.030754
0.018585
0.018266
0.006585
-0.004804
-0.011070
-0.033858
-0.041777
-0.051604
-0.048772
-0.054813
-0.059541
-0.068431
-0.064139
-0.075863
-0.076291
-0.068887
-0.064246
-0.071469
-0.041766
-0.041326
-0.037449
-0.029765
-0.030894
-0.026907
-0.003051
-0.006519
-0.014128
-0.009584
-0.010886
-0.005395
-0.018312
-0.000403
-0.015477
-0.008651
-0.017047
-0.004551
-0.009114
-0.008627
0.017098
0.005543
0.023022
0.012806
0.014758
0.011477
0.019330
0.033122
0.031047
0.027770
0.026668
0.040349
0.040263
0.019076
0.021376
0.028624
0.037223
0.051130
0.055583
0.072855
0.077323
0.082813
0.098317
0.093795
0.092400
0.111460
0.092982
0.090955
0.102010
0.062671
0.085667
0.089201
0.089195
0.067987
0.076181
0.092100
0.094350
0.104160
0.091586
0.091099
0.074349
0.075217
0.052062
0.055344
0.032682
0.038535
0.042446
0.067471
0.066174
0.049551
0.054954
0.056858
0.056044
0.054507
0.055493
0.059623
0.076948
0.066352
0.070683
0.070480
0.076676
0.076972
0.051792
0.032944
0.048075
0.037489
0.054917
0.026370
0.021619
0.026444
0.012765
0.016923
0.005824
-0.000454
0.005427
0.001367
0.005396
0.000826
-0.007574
0.003891
0.001102
0.004785
0.005833
-0.012032
-0.014758
-0.026759
-0.036010
-0.049969
-0.063500
-0.069630
-0.091311
-0.097762
-0.099122
-0.106910
-0.117910
-0.130950
-0.143640
-0.136410
-0.141380
-0.154050
-0.147640
-0.152680
-0.147450
-0.151350
-0.126400
-0.134130
-0.131600
-0.126580
-0.109650
-0.097882
-0.103210
-0.077112
-0.063423
-0.041443
-0.025922
-0.028943
-0.023285
-0.019768
-0.015565
-0.047426
-0.030577
-0.047542
-0.042713
-0.058690
-0.042087
-0.041729
-0.049453
-0.037593
-0.040455
-0.024803
-0.035981
-0.046008
-0.045607
-0.060897
-0.059962
-0.061946
-0.068698
-0.047684
-0.043792
-0.045975
-0.037902
-0.028970
-0.026456
-0.019709
-0.018863
-0.030208
-0.025930
-0.010376
-0.020007
-0.009619
-0.010665
0.005941
0.006883
0.012840
0.013969
0.015675
0.012152
0.024265
0.024568
0.038971
0.042600
0.048051
0.062081
0.048003
0.064294
0.057965
0.060789
0.071441
0.057741
0.078479
0.076127
0.061116
0.058954
0.065308
0.084696
0.082913
0.074822
0.086362
0.085230
0.104240
0.084184
0.105500
0.111820
0.112820
0.110070
0.116640
0.127820
0.115910
0.123170
0.138850
0.143320
0.148760
0.143240
0.156930
0.158990
0.165570
0.160010
0.143470
0.151440
0.140300
0.155570
0.155180
0.144840
0.150470
0.133310
0.132110
0.134090
0.137100
0.123380
0.130510
0.122990
0.121590
0.099229
0.078997
0.067144
0.067247
0.066922
0.058613
0.035030
0.023805
0.022288
0.017304
-0.011257
-0.017513
-0.037302
-0.045777
-0.047726
-0.057005
-0.059207
-0.065456
-0.080195
-0.068736
-0.084465
-0.073949
-0.067970
-0.072879
-0.064827
-0.065571
-0.055755
-0.062866
-0.056360
-0.061861
-0.071851
-0.065370
-0.059769
-0.064721
-0.075968
-0.080948
-0.068418
-0.060346
-0.032267
-0.042412
-0.023445
-0.024600
-0.021171
-0.024497
-0.004710
-0.008498
-0.005037
-0.006229
-0.010145
0.005360
-0.014168
-0.011198
-0.023901
-0.012422
-0.011645
0.002166
-0.009524
0.002882
0.005156
0.007437
0.012072
0.013829
0.010818
0.016267
-0.003826
-0.013495
-0.058810
-0.062830
-0.070713
-0.043855
-0.037467
-0.045945
-0.052348
-0.069465
-0.058186
-0.035655
-0.039961
-0.009776
-0.006996
0.011318
-0.004598
0.001207
0.011798
0.015611
0.028007
0.020686
0.019950
0.012678
0.028657
0.024608
0.033739
0.027064
0.022563
0.040218
0.032039
0.016579
0.026511
0.022757
0.004970
0.017665
0.002922
-0.025777
-0.014991
-0.016696
-0.021053
-0.028366
-0.022988
-0.038021
-0.028201
-0.014975
-0.017915
-0.006559
-0.016470
-0.019843
-0.008106
-0.011625
-0.020747
-0.031160
-0.020694
-0.024280
-0.031860
-0.037369
-0.027172
-0.033756
-0.027282
-0.026435
-0.037582
-0.038754
-0.036261
-0.043114
-0.066329
-0.070478
-0.073869
-0.083350
-0.092219
-0.101910
-0.117040
-0.109910
-0.099428
-0.090809
-0.081052
-0.078248
-0.081904
-0.054646
-0.051045
-0.048855
-0.032088
-0.031550
-0.019640
-0.015469
-0.018632
-0.016083
-0.013109
-0.029177
-0.007101
-0.014821
-0.009711
-0.001855
-0.007500
0.001461
0.007980
0.004389
0.021060
0.022109
0.034915
0.032351
0.044043
0.051317
0.055621
0.056170
0.063219
0.081534
0.081282
0.087897
0.093243
0.091198
0.086622
0.089805
0.081708
0.090355
0.096346
0.084837
0.075753
0.093773
0.081353
0.075089
0.066778
0.075262
0.099004
0.092496
0.092858
0.094046
0.106490
0.115180
0.102390
0.135980
0.138040
0.161450
0.148460
0.179770
0.176350
0.153310
0.153690
0.178650
0.157010
0.163420
0.151090
0.133980
0.116390
0.088435
0.081134
0.055935
0.052187
0.034106
0.029884
0.018972
0.009311
0.009177
0.001555
-0.012124
-0.015397
-0.015375
-0.017864
-0.018206
-0.002212
-0.010789
-0.002987
0.033497
0.057854
0.063647
0.055435
0.067605
0.090339
0.076601
0.066270
0.054805
0.060886
0.065671
0.065494
0.065603
0.048954
0.034970
0.041460
0.037604
0.044918
0.041651
0.032236
0.041317
0.040442
0.050512
0.022850
0.020081
0.010461
0.022904
0.024398
0.031562
0.014777
0.018416
0.015458
0.012835
0.026068
0.013929
0.004787
-0.001178
-0.000658
-0.014682
-0.009706
-0.018674
-0.022885
-0.028871
-0.014619
-0.031259
-0.039131
-0.041624
-0.023877
-0.038331
-0.033452
-0.021962
-0.035269
-0.028339
-0.025345
-0.019648
-0.022229
-0.017485
-0.011772
-0.008643
-0.019509
-0.055448
-0.058198
-0.039635
-0.056445
-0.051688
-0.045298
-0.060729
-0.061731
-0.056849
-0.030676
-0.055379
-0.065999
-0.059122
-0.077162
-0.090655
-0.090230
-0.105460
-0.097985
-0.106850
-0.100010
-0.096086
-0.099280
-0.095457
-0.090770
-0.098118
-0.106100
-0.112520
-0.105250
-0.106010
-0.092300
-0.101490
-0.093005
-0.091984
-0.088983
-0.084115
-0.086124
-0.097009
-0.105200
-0.105120
-0.111350
-0.097379
-0.109380
-0.103380
-0.101340
-0.079555
-0.081875
-0.087448
-0.092640
-0.083701
-0.076599
-0.077628
-0.071749
-0.055598
-0.051135
-0.048791
-0.055785
-0.038193
-0.040295
-0.050347
-0.047549
-0.040800
-0.043166
-0.052964
-0.055432
-0.072265
-0.058359
-0.060332
-0.066578
-0.071891
-0.062933
-0.060456
-0.067264
-0.060043
-0.067354
-0.067859
-0.066346
-0.067723
-0.043702
-0.046127
-0.029267
-0.027915
-0.031904
-0.029214
-0.022426
-0.031515
-0.029248
-0.021827
-0.016113
-0.006763
-0.021059
-0.022322
-0.014176
-0.022264
-0.019174
-0.017353
-0.022440
-0.019018
-0.030755
-0.006342
-0.005917
-0.006227
0.027722
0.026935
0.029307
0.034988
0.041275
0.044197
0.049139
0.062258
0.078044
0.086921
0.079458
0.084451
0.082513
0.071012
0.067590
0.063360
0.072502
0.047701
0.042487
0.035513
0.038502
0.029586
0.020812
0.024208
0.016928
0.017184
0.016447
0.014048
0.014293
0.017342
0.014046
0.029076
0.021558
0.027310
0.025682
0.030683
0.037137
0.038291
0.031568
0.020521
0.035018
0.022744
0.015951
0.020386
0.023314
0.021706
0.014720
0.018653
0.020935
0.025357
0.044582
0.053627
0.055368
0.047592
0.050444
0.037159
0.051220
0.053220
0.059536
0.068316
0.080453
0.080972
0.079007
0.089340
0.089387
0.079154
0.073833
0.077355
0.067429
0.053349
0.058306
0.057450
0.057295
0.052725
0.046084
0.055445
0.027610
0.030401
0.025416
0.022768
0.017352
0.011750
0.005170
-0.000819
-0.012093
-0.010684
-0.013795
-0.007003
-0.007904
-0.004757
-0.008644
-0.007402
-0.006457
-0.007803
-0.014696
-0.004233
-0.011175
-0.017950
-0.013066
-0.014549
-0.017922
-0.023031
-0.038646
-0.037167
-0.018706
-0.031318
-0.021171
-0.027807
-0.022337
-0.012184
-0.024931
-0.006491
-0.038490
-0.039035
-0.025665
-0.040424
-0.036748
-0.045048
-0.041409
-0.042136
-0.043160
-0.025671
-0.042236
-0.043761
-0.033284
-0.043896
-0.053848
-0.060113
-0.058145
-0.052024
-0.055113
-0.058693
-0.060083
-0.053524
-0.042326
-0.048956
-0.048652
-0.037647
-0.040581
-0.038829
-0.036613
-0.029768
-0.025689
-0.033886
-0.024299
-0.038144
-0.041893
-0.049591
-0.033333
-0.034411
-0.039444
-0.044804
-0.042791
-0.040538
-0.034099
-0.033842
-0.037677
-0.028265
-0.029715
-0.015999
-0.020654
-0.016066
-0.028762
-0.019682
-0.023992
-0.022615
-0.026716
-0.041500
-0.023416
-0.013111
-0.024967
-0.024480
-0.021781
-0.031685
-0.033021
-0.028356
-0.030932
-0.021134
-0.018839
-0.033586
-0.030332
-0.029674
-0.026018
-0.022492
-0.038114
-0.043769
-0.029355
-0.037967
-0.028389
-0.033747
-0.036765
-0.026510
-0.032068
-0.040534
-0.019304
-0.028735
-0.029835
-0.032178
-0.037265
-0.021074
-0.022501
-0.019997
-0.019901
-0.036813
-0.020707
-0.018779
-0.027672
-0.012172
-0.015134
-0.002495
-0.002284
0.022514
0.012074
-0.001913
-0.005509
0.002428
-0.005657
-0.004264
0.001035
0.002169
0.003685
0.001958
0.006492
0.009543
0.009612
0.016436
0.000975
-0.005199
-0.002882
-0.002592
-0.004618
-0.002410
-0.008637
0.002411
0.023875
0.024551
0.038895
0.040306
0.045983
0.052219
0.053122
0.050837
0.052753
0.055132
0.063453
0.044413
0.043384
0.042741
0.048975
0.049804
0.056521
0.052312
0.055557
0.051800
0.054599
0.057371
0.063449
0.053567
0.056704
0.052633
0.054335
0.055561
0.021492
0.027506
0.065016
0.028903
0.033648
0.030707
0.039905
0.047101
0.036239
0.034064
0.028946
0.047296
0.011216
0.009970
0.011543
0.002647
-0.016194
-0.010041
-0.017968
-0.018540
-0.019322
-0.028920
-0.027376
-0.037941
0.028482
0.019315
0.011838
0.016435
0.020725
0.023805
0.025264
0.026692
0.025227
0.027888
0.027321
0.026434
0.025836
0.026221
0.026458
0.023764
0.025084
0.024493
0.024394
0.023970
0.022922
0.021070
0.018259
0.015932
0.016778
0.017113
0.017397
0.016869
0.015692
0.014288
0.013120
0.012282
0.011504
0.010450
0.009021
0.007010
0.005148
0.004199
0.002570
0.000435
-0.003631
-0.007275
-0.009256
-0.011582
-0.015700
-0.021014
-0.025097
-0.026209
-0.025068
-0.024053
-0.023963
-0.022016
-0.025505
-0.025854
-0.025310
-0.023872
-0.022439
-0.020978
-0.018350
-0.014675
-0.012837
-0.010290
-0.008636
-0.007684
-0.007125
-0.006448
-0.005634
-0.005141
-0.005441
-0.006533
-0.007890
-0.008809
-0.008802
-0.007792
-0.006117
-0.004396
-0.003242
-0.002886
-0.002978
-0.002831
-0.001975
-0.000560
0.000934
0.001818
0.001665
0.001274
0.001149
0.001466
0.002259
0.003631
0.005534
0.007573
0.009220
0.010215
0.010683
0.010891
0.010996
0.011029
0.011042
0.011159
0.011498
0.012034
0.012554
0.012781
0.012589
0.012074
0.009525
0.009927
0.009340
0.008806
0.008121
0.007525
0.006971
0.006305
0.005382
0.004242
0.003082
0.002087
0.001290
0.000579
-0.000228
-0.001409
-0.002589
-0.003559
-0.004038
-0.004021
-0.003725
-0.003377
-0.003037
-0.002700
-0.002470
-0.002531
-0.002952
-0.003626
-0.004384
-0.005096
-0.005638
-0.005885
-0.005829
-0.005625
-0.005438
-0.005267
-0.005029
-0.004777
-0.004704
-0.004885
-0.005124
-0.005168
-0.005003
-0.004854
-0.004873
-0.004949
-0.004838
-0.004434
-0.003851
-0.003292
-0.002894
-0.002674
-0.002557
-0.002421
-0.002165
-0.001766
-0.001294
-0.000848
